	ABOUT: adult

[UNVOTED] 
[[905  95]
 [429 571]]
[VOTED] 
[[918  82]
 [423 577]]
	ABOUT: adult

[UNVOTED] 
[[908  92]
 [490 510]]
[VOTED] 
[[922  78]
 [398 602]]
	ABOUT: adult

[UNVOTED] 
[[975  25]
 [668 332]]
[VOTED] 
[[913  87]
 [408 592]]
	ABOUT: adult

[UNVOTED] 
[[951  49]
 [638 362]]
[VOTED] 
[[916  84]
 [391 609]]
	ABOUT: adult

[UNVOTED] 
[[872 128]
 [369 631]]
[VOTED] 
[[909  91]
 [390 610]]
	ABOUT: adult

[UNVOTED] 
[[854 146]
 [340 660]]
[VOTED] 
[[910  90]
 [396 604]]
	ABOUT: adult

[UNVOTED] 
[[995   5]
 [818 182]]
[VOTED] 
[[923  77]
 [427 573]]
	ABOUT: adult

[UNVOTED] 
[[869 131]
 [319 681]]
[VOTED] 
[[901  99]
 [368 632]]
	ABOUT: adult

[UNVOTED] 
[[968  32]
 [708 292]]
[VOTED] 
[[913  87]
 [391 609]]
	ABOUT: adult

[UNVOTED] 
[[851 149]
 [295 705]]
[VOTED] 
[[913  87]
 [391 609]]
	ABOUT: adult

[UNVOTED] 
[[987  13]
 [780 220]]
[VOTED] 
[[917  83]
 [401 599]]
	ABOUT: adult

[UNVOTED] 
[[947  53]
 [618 382]]
[VOTED] 
[[920  80]
 [415 585]]
	ABOUT: adult

[UNVOTED] 
[[964  36]
 [702 298]]
[VOTED] 
[[915  85]
 [402 598]]
	ABOUT: adult

[UNVOTED] 
[[854 146]
 [335 665]]
[VOTED] 
[[913  87]
 [385 615]]
	ABOUT: adult

[UNVOTED] 
[[970  30]
 [665 335]]
[VOTED] 
[[916  84]
 [413 587]]
	ABOUT: adult

[UNVOTED] 
[[880 120]
 [368 632]]
[VOTED] 
[[912  88]
 [403 597]]
	ABOUT: adult

[UNVOTED] 
[[807 193]
 [256 744]]
[VOTED] 
[[908  92]
 [372 628]]
	ABOUT: adult

[UNVOTED] 
[[975  25]
 [660 340]]
[VOTED] 
[[913  87]
 [385 615]]
	ABOUT: adult

[UNVOTED] 
[[812 188]
 [226 774]]
[VOTED] 
[[914  86]
 [391 609]]
	ABOUT: adult

[UNVOTED] 
[[760 240]
 [160 840]]
[VOTED] 
[[916  84]
 [385 615]]
	ABOUT: adult

[UNVOTED] 
[[882 118]
 [434 566]]
[VOTED] 
[[902  98]
 [369 631]]
	ABOUT: adult

[UNVOTED] 
[[934  66]
 [522 478]]
[VOTED] 
[[922  78]
 [420 580]]
	ABOUT: adult

[UNVOTED] 
[[882 118]
 [328 672]]
[VOTED] 
[[912  88]
 [403 597]]
	ABOUT: adult

[UNVOTED] 
[[789 211]
 [215 785]]
[VOTED] 
[[898 102]
 [361 639]]
	ABOUT: adult

[UNVOTED] 
[[995   5]
 [830 170]]
[VOTED] 
[[916  84]
 [368 632]]
	ABOUT: adult

[UNVOTED] 
[[990  10]
 [760 240]]
[VOTED] 
[[925  75]
 [406 594]]
	ABOUT: adult

[UNVOTED] 
[[722 278]
 [145 855]]
[VOTED] 
[[918  82]
 [384 616]]
	ABOUT: adult

[UNVOTED] 
[[941  59]
 [549 451]]
[VOTED] 
[[912  88]
 [365 635]]
	ABOUT: adult

[UNVOTED] 
[[929  71]
 [502 498]]
[VOTED] 
[[915  85]
 [391 609]]
	ABOUT: adult

[UNVOTED] 
[[957  43]
 [603 397]]
[VOTED] 
[[901  99]
 [352 648]]
(1, 73.8, 74.75, 1.2876203060150146, 0.03884100914001465, 9.059906005859375e-06, 0.0894768238067627)
(1, 70.9, 76.2, 1.4238395690917969, 0.04138970375061035, 6.9141387939453125e-06, 0.0894308090209961)
(1, 65.35, 75.25, 2.646277904510498, 0.08129382133483887, 9.775161743164062e-06, 0.1714634895324707)
(1, 65.65, 76.25, 1.5438036918640137, 0.05044841766357422, 1.049041748046875e-05, 0.09192299842834473)
(1, 75.15, 75.95, 1.6617228984832764, 0.05019545555114746, 8.58306884765625e-06, 0.10243821144104004)
(2, 75.7, 75.7, 3.744858741760254, 0.07104659080505371, 9.918212890625e-05, 0.24628090858459473)
(2, 58.85, 74.8, 3.9510560035705566, 0.09949803352355957, 1.0251998901367188e-05, 0.3783245086669922)
(2, 77.5, 76.65, 6.450739145278931, 0.1506202220916748, 1.5974044799804688e-05, 0.552880048751831)
(2, 63.0, 76.1, 5.175039291381836, 0.1096956729888916, 3.1948089599609375e-05, 0.41937804222106934)
(2, 77.8, 76.1, 4.463629722595215, 0.0713200569152832, 8.821487426757812e-06, 0.2637195587158203)
(3, 60.35, 75.8, 8.894028663635254, 0.12551450729370117, 1.1682510375976562e-05, 0.8048911094665527)
(3, 66.45, 75.25, 4.243651390075684, 0.04490041732788086, 7.867813110351562e-06, 0.29886937141418457)
(3, 63.1, 75.65, 4.375375509262085, 0.04934048652648926, 8.106231689453125e-06, 0.3001408576965332)
(3, 75.95, 76.4, 4.331631660461426, 0.04450654983520508, 7.62939453125e-06, 0.28270435333251953)
(3, 65.25, 75.15, 4.500313997268677, 0.04935503005981445, 8.344650268554688e-06, 0.29714226722717285)
(4, 75.6, 75.45, 8.817502498626709, 0.09012222290039062, 1.1920928955078125e-05, 0.7889301776885986)
(4, 77.55, 76.8, 8.473394632339478, 0.059819936752319336, 1.0967254638671875e-05, 0.4949502944946289)
(4, 65.75, 76.4, 8.444789171218872, 0.06316065788269043, 3.0994415283203125e-05, 0.49376702308654785)
(4, 79.3, 76.15, 8.52227234840393, 0.05648922920227051, 8.344650268554688e-06, 0.4683246612548828)
(4, 80.0, 76.55, 8.124514818191528, 0.051897525787353516, 7.867813110351562e-06, 0.42210912704467773)
(5, 72.4, 76.65, 12.244870901107788, 0.1001129150390625, 1.3113021850585938e-05, 0.9284584522247314)
(5, 70.6, 75.1, 11.03049111366272, 0.057591915130615234, 9.298324584960938e-06, 0.6097373962402344)
(5, 77.7, 75.45, 16.963923454284668, 0.06575608253479004, 1.8596649169921875e-05, 0.6800909042358398)
(5, 78.7, 76.85, 10.831191301345825, 0.06923174858093262, 1.0013580322265625e-05, 0.6735663414001465)
(5, 58.25, 77.4, 10.01413345336914, 0.08536028861999512, 1.3589859008789062e-05, 0.8244426250457764)
(6, 61.5, 75.95, 9.07105803489685, 0.04762697219848633, 8.344650268554688e-06, 0.5631852149963379)
(6, 78.85, 76.7, 18.78909683227539, 0.11378288269042969, 2.9325485229492188e-05, 1.4019277095794678)
(6, 69.6, 77.35, 15.091404438018799, 0.072540283203125, 5.412101745605469e-05, 1.120471715927124)
(6, 71.35, 76.2, 8.898951292037964, 0.04972052574157715, 8.106231689453125e-06, 0.5923995971679688)
(6, 67.7, 77.45, 13.61947250366211, 0.049373626708984375, 9.298324584960938e-06, 0.8303196430206299)
