"/home/edoardo/Documents/Artelligenza Intificiale/CompleteProject/venv/bin/python" "/home/edoardo/Documents/Artelligenza Intificiale/CompleteProject/Main.py"
	ABOUT: adult

[UNVOTED] 
[[709 291]
 [161 839]]
[VOTED] 
[[926  74]
 [429 571]]
	ABOUT: adult

[UNVOTED] 
[[952  48]
 [564 436]]
[VOTED] 
[[920  80]
 [407 593]]
	ABOUT: adult

[UNVOTED] 
[[885 115]
 [416 584]]
[VOTED] 
[[899 101]
 [370 630]]
	ABOUT: adult

[UNVOTED] 
[[956  44]
 [693 307]]
[VOTED] 
[[912  88]
 [383 617]]
	ABOUT: adult

[UNVOTED] 
[[608 392]
 [ 68 932]]
[VOTED] 
[[930  70]
 [426 574]]
	ABOUT: adult

[UNVOTED] 
[[954  46]
 [613 387]]
[VOTED] 
[[909  91]
 [376 624]]
	ABOUT: adult

[UNVOTED] 
[[969  31]
 [727 273]]
[VOTED] 
[[920  80]
 [406 594]]
	ABOUT: adult

[UNVOTED] 
[[773 227]
 [207 793]]
[VOTED] 
[[909  91]
 [395 605]]
	ABOUT: adult

[UNVOTED] 
[[806 194]
 [232 768]]
[VOTED] 
[[903  97]
 [369 631]]
	ABOUT: adult

[UNVOTED] 
[[892 108]
 [415 585]]
[VOTED] 
[[921  79]
 [383 617]]
	ABOUT: adult

[UNVOTED] 
[[930  70]
 [487 513]]
[VOTED] 
[[916  84]
 [395 605]]
	ABOUT: adult

[UNVOTED] 
[[698 302]
 [132 868]]
[VOTED] 
[[907  93]
 [379 621]]
	ABOUT: adult

[UNVOTED] 
[[923  77]
 [639 361]]
[VOTED] 
[[921  79]
 [411 589]]
	ABOUT: adult

[UNVOTED] 
[[596 404]
 [ 70 930]]
[VOTED] 
[[920  80]
 [410 590]]
	ABOUT: adult

[UNVOTED] 
[[939  61]
 [562 438]]
[VOTED] 
[[909  91]
 [382 618]]
	ABOUT: adult

[UNVOTED] 
[[843 157]
 [274 726]]
[VOTED] 
[[903  97]
 [362 638]]
	ABOUT: adult

[UNVOTED] 
[[933  67]
 [478 522]]
[VOTED] 
[[915  85]
 [387 613]]
	ABOUT: adult

[UNVOTED] 
[[867 133]
 [349 651]]
[VOTED] 
[[920  80]
 [396 604]]
	ABOUT: adult

[UNVOTED] 
[[982  18]
 [723 277]]
[VOTED] 
[[902  98]
 [360 640]]
	ABOUT: adult

[UNVOTED] 
[[933  67]
 [603 397]]
[VOTED] 
[[920  80]
 [440 560]]
	ABOUT: adult

[UNVOTED] 
[[958  42]
 [599 401]]
[VOTED] 
[[908  92]
 [381 619]]
	ABOUT: adult

[UNVOTED] 
[[938  62]
 [510 490]]
[VOTED] 
[[921  79]
 [398 602]]
	ABOUT: adult

[UNVOTED] 
[[846 154]
 [281 719]]
[VOTED] 
[[919  81]
 [395 605]]
	ABOUT: adult

[UNVOTED] 
[[847 153]
 [367 633]]
[VOTED] 
[[912  88]
 [393 607]]
	ABOUT: adult

[UNVOTED] 
[[921  79]
 [494 506]]
[VOTED] 
[[916  84]
 [386 614]]
(1, 77.4, 74.85, 1.3159003257751465, 0.04307699203491211, 8.821487426757812e-06, 0.09681224822998047)
(1, 69.4, 75.65, 2.6354331970214844, 0.054082393646240234, 9.059906005859375e-06, 0.11752033233642578)
(1, 73.45, 76.45, 1.5904767513275146, 0.04788494110107422, 7.867813110351562e-06, 0.11035776138305664)
(1, 63.15, 76.45, 1.5376348495483398, 0.04413866996765137, 7.867813110351562e-06, 0.10416746139526367)
(1, 77.0, 75.2, 1.584265947341919, 0.06729650497436523, 8.58306884765625e-06, 0.13921499252319336)
(2, 67.05, 76.65, 4.2759926319122314, 0.0823056697845459, 1.1444091796875e-05, 0.3592803478240967)
(2, 62.1, 75.7, 4.053151369094849, 0.08147978782653809, 1.049041748046875e-05, 0.3594660758972168)
(2, 78.3, 75.7, 6.9748194217681885, 0.10493063926696777, 1.1444091796875e-05, 0.4553799629211426)
(2, 78.7, 76.7, 6.875527620315552, 0.10077810287475586, 1.1682510375976562e-05, 0.42853426933288574)
(2, 73.85, 76.9, 3.440298080444336, 0.06093621253967285, 9.298324584960938e-06, 0.323627233505249)
(3, 72.15, 76.05, 5.37767219543457, 0.09449148178100586, 3.8623809814453125e-05, 0.5623993873596191)
(3, 78.3, 76.4, 6.191532850265503, 0.04983806610107422, 9.5367431640625e-06, 0.32910680770874023)
(3, 64.2, 75.5, 4.5472939014434814, 0.048894643783569336, 7.867813110351562e-06, 0.3244946002960205)
(3, 76.3, 75.5, 6.087782144546509, 0.0937204360961914, 1.0967254638671875e-05, 0.6206488609313965)
(3, 68.85, 76.35, 4.478969573974609, 0.05296921730041504, 9.775161743164062e-06, 0.32299256324768066)
(4, 78.45, 77.05, 5.919769287109375, 0.0446164608001709, 8.344650268554688e-06, 0.40610432624816895)
(4, 72.75, 76.4, 5.957937002182007, 0.049600839614868164, 8.821487426757812e-06, 0.4269571304321289)
(4, 75.9, 76.2, 6.042105197906494, 0.048976898193359375, 8.106231689453125e-06, 0.4010007381439209)
(4, 62.95, 77.1, 5.847501277923584, 0.04920625686645508, 8.58306884765625e-06, 0.4272613525390625)
(4, 66.5, 74.0, 6.181247234344482, 0.044057369232177734, 8.106231689453125e-06, 0.3870983123779297)
(5, 67.95, 76.35, 7.387550592422485, 0.048723459243774414, 8.821487426757812e-06, 0.534855842590332)
(5, 71.4, 76.15, 7.447283983230591, 0.04475855827331543, 8.344650268554688e-06, 0.4820740222930908)
(5, 78.25, 76.2, 7.4644293785095215, 0.09289288520812988, 1.0967254638671875e-05, 1.028383731842041)
(5, 74.0, 75.95, 7.365711450576782, 0.049175262451171875, 7.152557373046875e-06, 0.5323450565338135)
(5, 71.35, 76.5, 7.482815504074097, 0.04439401626586914, 8.344650268554688e-06, 0.48235607147216797)
Voted score:  17 Unvoted score:  8

Process finished with exit code 0

